(0, 0): 71, 127, 35 4685603
(1, 0): 79, 131, 32 5210912
(2, 0): 84, 113, 38 5533990
(3, 0): 83, 115, 28 5468956
(4, 0): 80, 133, 10 5276938
(5, 0): 66, 136, 18 4360210
(6, 0): 59, 119, 25 3897113
(7, 0): 52, 96, 27 3432475
(8, 0): 39, 75, 3 2575107
(9, 0): 41, 75, 2 2706178
(0, 1): 83, 125, 61 5471549
(1, 1): 85, 126, 38 5602854
(2, 1): 88, 108, 52 5794868
(3, 1): 87, 111, 48 5730096
(4, 1): 83, 137, 16 5474576
(5, 1): 81, 136, 39 5343271
(6, 1): 68, 118, 36 4486692
(7, 1): 52, 97, 22 3432726
(8, 1): 48, 83, 9 3166985
(9, 1): 45, 79, 10 2969354
(0, 2): 95, 120, 79 6256719
(1, 2): 89, 114, 39 5861927
(2, 2): 91, 101, 56 5989688
(3, 2): 88, 107, 52 5794612
(4, 2): 80, 126, 20 5275156
(5, 2): 83, 127, 52 5472052
(6, 2): 77, 122, 51 5077555
(7, 2): 61, 106, 30 4024862
(8, 2): 50, 86, 18 3298834
(9, 2): 45, 78, 15 2969103
(0, 3): 106, 119, 89 6977369
(1, 3): 87, 86, 37 5723685
(2, 3): 94, 91, 45 6183725
(3, 3): 91, 102, 39 5989927
(4, 3): 78, 111, 23 5140247
(5, 3): 76, 116, 57 5010489
(6, 3): 78, 121, 64 5142848
(7, 3): 73, 116, 52 4813876
(8, 3): 48, 86, 33 3167777
(9, 3): 37, 71, 17 2443025
(0, 4): 97, 103, 62 6383422
(1, 4): 87, 76, 22 5721110
(2, 4): 92, 86, 25 6051353
(3, 4): 89, 94, 23 5856791
(4, 4): 78, 99, 26 5137178
(5, 4): 80, 118, 66 5273154
(6, 4): 84, 126, 74 5537354
(7, 4): 76, 122, 58 5012026
(8, 4): 57, 99, 40 3760936
(9, 4): 42, 80, 25 2773017
(0, 5): 85, 86, 32 5592608
(1, 5): 90, 78, 1 5918209
(2, 5): 91, 82, 0 5984768
(3, 5): 85, 84, 8 5592072
(4, 5): 74, 86, 27 4871707
(5, 5): 89, 121, 72 5863752
(6, 5): 86, 130, 75 5669451
(7, 5): 77, 125, 54 5078326
(8, 5): 70, 120, 40 4618280
(9, 5): 57, 100, 35 3761187
(0, 6): 81, 82, 16 5329424
(1, 6): 97, 85, 0 6378752
(2, 6): 94, 82, 0 6181376
(3, 6): 87, 84, 7 5723143
(4, 6): 84, 92, 34 5528610
(5, 6): 93, 124, 76 6126668
(6, 6): 92, 133, 78 6063438
(7, 6): 82, 129, 54 5407030
(8, 6): 78, 129, 43 5144875
(9, 6): 55, 103, 28 3630876
(0, 7): 77, 76, 5 5065733
(1, 7): 107, 93, 0 7036160
(2, 7): 97, 85, 0 6378752
(3, 7): 92, 87, 10 6051594
(4, 7): 97, 102, 43 6383147
(5, 7): 95, 127, 75 6258507
(6, 7): 96, 140, 80 6327376
(7, 7): 85, 137, 57 5605689
(8, 7): 79, 134, 44 5211692
(9, 7): 49, 103, 19 3237651
(0, 8): 79, 75, 10 5196554
(1, 8): 93, 77, 0 6114560
(2, 8): 95, 82, 0 6246912
(3, 8): 96, 91, 4 6314756
(4, 8): 95, 103, 25 6252313
(5, 8): 95, 126, 66 6258242
(6, 8): 95, 139, 78 6261582
(7, 8): 87, 133, 65 5735745
(8, 8): 80, 132, 52 5276724
(9, 8): 58, 116, 24 3830808
(0, 9): 80, 74, 17 5261841
(1, 9): 78, 62, 0 5127680
(2, 9): 92, 78, 0 6049280
(3, 9): 97, 92, 3 6380547
(4, 9): 94, 101, 13 6186253
(5, 9): 90, 125, 57 5930297
(6, 9): 91, 136, 73 5998665
(7, 9): 88, 132, 73 5801033
(8, 9): 82, 130, 59 5407291
(9, 9): 64, 127, 26 4226842

